WS02: [2.151834, 0.159632, -3.027370]
WS04: [2.308523, -1.339374, -3.052837]
WS05: [2.460186, -1.312019, 0.104802]
WS01: [0.219290, -0.086241, 0.144169]
START: [0.057056, -0.485067, 0.136864]
WS03: [0.298422, -1.458151, 0.123666]
EXIT: [0.115771, -1.523064, 1.687084]
PP01: [2.381674, 0.211068, 0.112336]
SH01: [2.251456, 1.236059, 0.091185]
SH02: [2.173685, 2.106428, 0.110986]
WS06: [1.429416, 1.465498, -1.413019]
WS07: [1.450029, 1.448418, 1.749121]
WS08: [2.090757, 2.945866, 0.130479]
WS09: [1.848150, 2.847870, -3.001087]
WS10: [2.069588, 3.937627, 0.108664]
WS11: [1.194763, 4.171668, -1.439618]
WS12: [1.296716, 4.252060, -3.008099]
CB02: [1.296714, 4.252058, -3.008099]
CB01: [1.355535, 4.114957, 1.654517]
WP01: [2.009445, 4.128947, 1.013237]
WP02: [2.018632, 3.697927, 1.662635]
WP03: [2.103233, 3.098149, 1.652271]
WP04: [2.138838, 2.573604, 1.654721]
WP05: [2.158801, 2.144960, 1.644482]
WP06: [2.223487, 1.583053, 1.654619]
WP07: [2.285698, 1.075271, 1.638796]
WP08: [2.311902, 0.652735, 1.638672]
WP09: [2.319557, 0.308446, 1.635255]
WP10: [2.353345, -0.082144, 1.639337]
WP11: [2.459083, -0.614104, 2.546185]
WP12: [2.449628, -0.484225, 0.127458]
WP13: [1.533278, -0.669160, 0.143491]
WP14: [1.224525, -0.705212, 0.139634]
WP15: [0.503233, -0.765009, 0.143289]
